0.091
0.1075
0.089
0.105
0.111
0.1045
0.0905
0.0975
0.102
0.1105
0.1335
0.2195
0.2595
0.2505
0.217
0.172
0.1275
0.1015
0.0805
0.0745
0.0725
0.0655
0.0665
0.0755
0.0915
0.115
0.1405
0.206
0.243
0.2305
0.223
0.214
0.2015
0.197
0.1695
0.165
0.156
0.1555
0.17
0.166
0.1435
0.1375
0.141
0.161
0.178
0.184
0.203
0.196
0.1755
0.16
0.169
0.1835
0.19
0.189
0.189
0.1895
0.1995
0.191
0.1825
0.1875
0.1955
0.2025
0.2215
0.212
0.1995
0.1955
0.205
0.2105
0.2205
0.22
0.224
0.219
0.2265
0.224
0.219
0.214
0.2195
0.2345
0.2435
0.239
0.2215
0.2275
0.2285
0.222
0.2405
0.252
0.2485
0.2595
0.2725
0.2705
0.252
0.243
0.2475
0.265
0.288
0.2985
0.292
0.2905
0.295
0.311
0.3005
0.3015
0.307
0.304
0.312
0.3085
0.3005
0.316
0.3185
0.322
0.3245
0.3265
0.333
0.328
0.3295
0.323
0.3485
0.358
0.366
0.371
0.364
0.366
0.37
0.3795
0.3805
0.3885
0.3925
0.4045
0.4085
0.397
0.406
0.406
0.3995
0.4055
0.403
0.3975
0.417
0.4135
0.417
0.4255
0.428
0.4195
0.4305
0.4305
0.4385
0.4595
0.4525
0.4465
0.4565
0.449
0.457
0.468
0.4705
0.473
0.474
0.4835
0.473
0.4845
0.4905
0.4905
0.507
0.503
0.5065
0.5055
0.5165
0.5215
0.52
0.5245
0.5245
0.5235
0.529
0.532
0.528
0.5385
0.5455
0.551
0.5435
0.55
0.5515
0.558
0.5665
0.573
0.5615
0.558
0.57
0.568
0.5685
0.5685
0.567
0.5705
0.5785
0.5735
0.586
0.5825
0.5785
0.5745
0.584
0.586
0.5975
0.6
0.598
0.5965
0.602
0.611
0.623
0.617
0.6165
0.6145
0.618
0.619
0.6035
0.618
0.6185
0.622
0.6235
0.623
0.6265
0.638
0.639
0.6385
0.6465
0.645
0.6485
0.6585
0.663
0.6635
0.6625
0.66
0.6715
0.665
0.6655
0.6595
0.6645
0.6625
0.679
0.672
0.6795
0.6865
0.684
0.682
0.6925
0.6925
0.6895
0.697
0.7035
0.699
0.7015
0.698
0.7045
0.7025
0.7055
0.702
0.708
0.709
0.7155
0.707
0.711
0.711
0.708
0.7035
0.704
0.71
0.7085
0.7175
0.7155
0.709
0.7095
0.719
0.7175
0.7185
0.7155
0.714
0.717
0.718
0.715
0.723
0.725
0.7175
0.724
0.7255
0.7285
0.7285
0.7335
0.727
0.732
0.731
0.735
0.733
0.7295
0.736
0.7375
0.739
0.738
0.744
0.742
0.7425
0.7485
0.7475
0.748
0.748
0.758
0.761
0.7575
0.753
0.7585
0.7585
0.7585
0.758
0.7545
0.753
0.7565
0.7555
0.7565
0.7575
0.7575
0.755
0.762
0.762
0.759
0.7565
0.7595
0.7555
0.758
0.7555
0.758
0.7625
0.7675
0.767
0.7675
0.773
0.7685
0.766
0.772
0.77
0.769
0.772
0.772
0.774
0.772
0.7715
0.777
0.773
0.778
0.775
0.7765
0.7735
0.7735
0.777
0.7765
0.7735
0.7745
0.774
0.773
0.774
0.7765
0.773
0.7695
0.773
0.775
0.776
0.7755
0.7785
0.7745
0.7745
0.776
0.778
0.771
0.768
0.771
0.7765
0.776
0.7685
0.7715
0.7775
0.7795
0.778
0.779
0.782
0.7845
0.7845
0.787
0.784
0.787
0.781
0.7875
0.786
0.794
0.7925
0.796
0.7965
0.794
0.7915
0.7955
0.7955
0.7925
0.8025
0.7985
0.805
0.8
0.7965
0.8015
0.801
0.801
0.804
0.8055
0.806
0.8035
0.8035
0.803
0.8065
0.8095
0.811
0.8085
0.8065
0.8085
0.81
0.811
0.8135
0.817
0.819
0.813
0.8155
0.8125
0.811
0.816
0.811
0.8105
0.8085
0.807
0.804
0.8035
0.8
0.8035
0.8015
0.805
0.8055
0.8055
0.8085
0.805
0.8045
0.809
0.812
0.8105
0.8135
0.8145
0.8175
0.8135
0.8095
0.8055
0.8105
0.8075
0.812
0.815
0.8195
0.8165
0.818
0.817
0.8155
0.819
0.8165
0.8165
0.8165
0.812
0.8115
0.8145
0.8135
0.815
0.81
0.81
0.8105
0.811
0.815
0.816
0.8175
0.816
0.8165
0.814
0.812
0.814
0.817
0.8185
0.816
0.8195
0.8145
0.8205
0.8185
0.815
0.82
0.819
0.815
0.8165
0.814
0.817
0.8135
0.8165
0.812
0.812
0.8135
0.8145
0.8155
0.812
0.8145
0.8135
0.818
0.818
0.821
0.821
0.821
0.821
0.8225
0.821
0.82
0.822
0.8215
0.823
0.817
0.8245
0.819
0.8235
0.8275
0.8285
0.828
0.8315
0.8325
0.834
0.8335
0.8365
0.833
0.8315
0.834
0.833
0.833
0.83
0.8345
0.8335
0.836
0.8335
0.838
0.835
0.836
0.8355
0.8345
0.8355
0.8335
0.8325
0.832
0.8335
0.8345
0.8345
0.833
0.8325
0.833
0.83
0.8295
0.829
0.8315
0.828
0.8315
0.832
0.835
0.8345
0.835
0.833
0.8335
0.8355
0.832
0.8315
0.8345
0.835
0.837
0.837
0.8395
0.8375
0.8375
0.8365
0.836
0.84
0.8375
0.8415
0.84
0.84
0.8405
0.8365
0.838
0.8355
0.836
0.834
0.8345
0.834
0.835
0.836
0.832
0.833
0.8325
0.833
0.832
0.8335
0.833
0.8365
0.8385
0.8365
0.841
0.837
0.836
0.838
0.837
0.8375
0.834
0.834
0.8315
0.8315
0.8335
0.8345
0.835
0.838
0.838
0.8345
0.838
0.837
0.839
0.8375
0.838
0.839
0.8375
0.8375
0.8385
0.84
0.844
0.843
0.842
0.843
0.841
0.842
0.847
0.842
0.8435
0.8435
0.844
0.8435
0.843
0.843
0.845
0.8455
0.847
0.8465
0.846
0.8465
0.845
0.849
0.847
0.8445
0.8455
0.845
0.8445
0.842
0.843
0.846
0.8435
0.8445
0.841
0.8445
0.8415
0.843
0.842
0.841
0.841
0.838
0.8405
0.8395
0.84
0.8375
0.837
0.8365
0.837
0.837
0.835
0.836
0.838
0.837
0.8425
0.8395
0.836
0.839
0.8395
0.838
0.84
0.8365
0.84
0.8385
0.836
0.84
0.8395
0.842
0.84
0.8425
0.841
0.843
0.842
0.842
0.8445
0.845
0.84
0.843
0.844
0.844
0.8425
0.841
0.8405
0.841
0.845
0.8435
0.842
0.8425
0.8455
0.8455
0.8455
0.843
0.841
0.84
0.8415
0.842
0.844
0.843
0.846
0.844
0.844
0.8415
0.8395
0.8415
0.84
0.842
0.842
0.845
0.8395
0.8415
0.842
0.843
0.845
0.841
0.843
0.844
0.8415
0.843
0.838
0.8435
0.843
0.841
0.839
0.8425
0.8445
0.846
0.8425
0.8445
0.846
0.8495
0.845
0.844
0.84
0.842
0.838
0.8425
0.84
0.8425
0.8425
0.8435
0.8445
0.8445
0.846
0.8445
0.8455
0.844
0.8445
0.844
0.845
0.8455
0.844
0.8455
0.8445
0.8405
0.841
0.8415
0.8445
0.844
0.8425
0.8445
0.843
0.845
0.845
0.844
0.8435
0.843
0.8415
0.839
0.839
0.84
0.844
0.842
0.8455
0.844
0.845
0.8435
0.842
0.845
0.8445
0.8415
0.845
0.843
0.845
0.844
0.844
0.8455
0.844
0.847
0.8465
0.8455
0.847
0.846
0.846
0.848
0.8455
0.8475
0.847
0.846
0.846
0.8465
0.8445
0.8455
0.8475
0.8465
0.8475
0.8475
0.849
0.848
0.8485
0.848
0.8505
0.8495
0.8475
0.8505
0.8485
0.851
0.8495
0.8485
0.8495
0.8495
0.848
0.851
0.849
0.851
0.8495
0.846
0.848
0.8475
0.8475
0.848
0.8475
0.8505
0.8505
0.8495
0.85
0.849
0.8545
0.851
0.854
0.851
0.8495
0.8515
0.852
0.848
0.851
0.8515
0.8525
0.854
0.853
0.851
0.851
0.851
0.8475
0.847
0.8485
0.848
0.848
0.8495
0.849
0.849
0.8485
0.8475
0.8495
0.849
0.8475
0.848
0.849
0.8495
0.848
0.85
0.851
0.85
0.8495
0.8495
0.847
0.846
0.8475
0.849
0.848
0.847
0.845
0.846
0.847
0.8455
0.848
0.85
0.849
0.8505
0.852
0.851
0.851
0.853
0.8515
0.851
0.852
0.8525
0.851
0.8495
0.8495
0.8495
0.8515
0.851
0.8515
0.848
0.853
0.85
0.8505
0.852
0.852
0.8525
0.852
0.853
0.8505
0.8525
0.852
0.8535
0.8545
0.8545
0.857
0.856
0.8565
0.8595
0.86
0.8595
0.8615
0.8605
0.8565
0.8565
0.856
0.8545
0.855
0.8525
0.855
0.854
0.8545
0.853
0.854
0.853
0.853
0.855
0.857
0.856
0.854
0.854
0.8535
0.8545
0.8515
0.8495
0.851
0.8485
0.8485
0.846
0.8465
0.8475
0.848
0.852
0.8505
0.85
0.8485
0.848
0.85
0.852
0.852
0.852
0.852
0.852
0.852
0.8535
0.854
0.8535
0.8515
0.853
0.8535
0.8545
0.853
