0.092
0.1015
0.1315
0.174
0.19
0.203
0.231
0.2325
0.2455
0.263
0.264
0.27
0.278
0.2845
0.2985
0.2945
0.2985
0.3085
0.3085
0.314
0.32
0.3195
0.3305
0.326
0.3445
0.338
0.3405
0.3495
0.351
0.351
0.363
0.3585
0.355
0.3595
0.3655
0.361
0.363
0.361
0.359
0.365
0.3775
0.3715
0.3715
0.3815
0.379
0.377
0.3735
0.379
0.378
0.3915
0.393
0.3815
0.394
0.3895
0.394
0.395
0.4035
0.401
0.4015
0.4085
0.4025
0.399
0.4065
0.4095
0.412
0.418
0.421
0.4085
0.4215
0.419
0.425
0.4265
0.4215
0.427
0.422
0.422
0.43
0.4165
0.425
0.426
0.432
0.426
0.4285
0.4275
0.425
0.4325
0.4295
0.432
0.425
0.433
0.435
0.4315
0.436
0.4385
0.443
0.4355
0.4465
0.4365
0.445
0.4415
0.445
0.4485
0.448
0.4545
0.4405
0.447
0.4535
0.4575
0.457
0.452
0.4475
0.4625
0.4445
0.4535
0.46
0.459
0.461
0.465
0.463
0.4685
0.4605
0.463
0.466
0.4645
0.474
0.4645
0.471
0.4695
0.466
0.4655
0.462
0.465
0.4645
0.4715
0.485
0.465
0.4745
0.472
0.48
0.489
0.476
0.489
0.4865
0.4815
0.4845
0.4875
0.4895
0.4795
0.489
0.479
0.4895
0.4965
0.4885
0.493
0.4875
0.489
0.4985
0.4855
0.488
0.4915
0.5005
0.4955
0.499
0.4885
0.496
0.4935
0.4925
0.5045
0.4995
0.5015
0.506
0.5045
0.5005
0.491
0.5085
0.5015
0.503
0.5095
0.502
0.502
0.4975
0.507
0.497
0.503
0.5125
0.518
0.5215
0.5125
0.509
0.5125
0.5135
0.514
0.514
0.5205
0.519
0.519
0.5075
0.5145
0.526
0.5165
0.5125
0.516
0.5125
0.516
0.5065
0.5095
0.5125
0.52
0.5235
0.526
0.524
0.5225
0.5185
0.525
0.525
0.5285
0.529
0.5295
0.5245
0.5165
0.5235
0.5355
0.529
0.5325
0.5285
0.538
0.5205
0.5295
0.534
0.525
0.53
0.531
0.531
0.529
0.535
0.526
0.5325
0.5305
0.5415
0.535
0.5395
0.529
0.5415
0.5325
0.542
0.5245
0.544
0.5385
0.5405
0.542
0.54
0.531
0.5445
0.5495
0.549
0.5485
0.5395
0.546
0.5515
0.5385
0.5485
0.5475
0.5415
0.5485
0.545
0.5485
0.5495
0.5475
0.5605
0.5495
0.5525
0.5495
0.547
0.5535
0.553
0.551
0.5645
0.561
0.572
0.56
0.555
0.5595
0.5565
0.551
0.56
0.564
0.5565
0.557
0.567
0.563
0.5665
0.5715
0.5665
0.566
0.5655
0.5635
0.5735
0.5675
0.5665
0.576
0.561
0.565
0.5705
0.5725
0.57
0.5595
0.564
0.561
0.5665
0.564
0.563
0.563
0.5675
0.578
0.5705
0.5625
0.574
0.57
0.5775
0.5755
0.574
0.5715
0.5785
0.563
0.5785
0.5765
0.5705
0.576
0.569
0.5695
0.575
0.5755
0.5775
0.5725
0.579
0.572
0.5745
0.576
0.565
0.5785
0.58
0.578
0.585
0.5735
0.5745
0.5875
0.5795
0.5875
0.592
0.5835
0.586
0.585
0.591
0.5845
0.5855
0.586
0.5915
0.5855
0.5955
0.5865
0.5805
0.5905
0.5955
0.588
0.6005
0.585
0.59
0.588
0.6025
0.5895
0.5945
0.5965
0.595
0.602
0.5895
0.5965
0.6015
0.598
0.591
0.5975
0.587
0.5895
0.595
0.592
0.601
0.599
0.601
0.6075
0.597
0.6015
0.5945
0.609
0.604
0.6065
0.599
0.601
0.6085
0.6065
0.5945
0.6025
0.597
0.5985
0.5995
0.605
0.611
0.611
0.61
0.609
0.616
0.611
0.614
0.6155
0.613
0.611
0.6145
0.6095
0.622
0.6155
0.6165
0.626
0.6225
0.6185
0.6225
0.619
0.624
0.6165
0.618
0.6195
0.627
0.622
0.6185
0.629
0.6355
0.6225
0.623
0.623
0.637
0.624
0.622
0.627
0.63
0.628
0.628
0.6325
0.637
0.6245
0.6205
0.639
0.628
0.6205
0.6325
0.627
0.64
0.6295
0.6315
0.6375
0.645
0.628
0.6255
0.6355
0.6375
0.6305
0.6295
0.634
0.6355
0.6335
0.631
0.635
0.633
0.636
0.624
0.6385
0.628
0.641
0.636
0.6355
0.6435
0.6335
0.642
0.6365
0.649
0.6355
0.6285
0.6345
0.6355
0.633
0.6495
0.634
0.6395
0.6475
0.637
0.643
0.649
0.6475
0.66
0.6495
0.6435
0.6505
0.653
0.6505
0.6545
0.653
0.654
0.6635
0.6575
0.6595
0.655
0.661
0.6595
0.6595
0.645
0.6465
0.653
0.655
0.6455
0.658
0.6465
0.668
0.6535
0.656
0.6515
0.6515
0.6525
0.659
0.6555
0.661
0.661
0.6615
0.666
0.6615
0.6555
0.667
0.6565
0.6585
0.672
0.6655
0.6595
0.6685
0.6645
0.6625
0.6695
0.663
0.671
0.675
0.671
0.66
0.672
0.6695
0.671
0.671
0.675
0.6665
0.6645
0.6795
0.68
0.6775
0.6725
0.6655
0.673
0.67
0.679
0.68
0.666
0.68
0.6785
0.675
0.661
0.67
0.6795
0.6725
0.674
0.6845
0.679
0.676
0.6785
0.68
0.687
0.6875
0.681
0.6905
0.673
0.685
0.6735
0.6855
0.6835
0.6805
0.6795
0.6865
0.682
0.6875
0.685
0.687
0.6845
0.685
0.689
0.687
0.682
0.6885
0.693
0.695
0.6745
0.6995
0.6865
0.684
0.686
0.6845
0.689
0.684
0.695
0.69
0.6845
0.6935
0.681
0.692
0.688
0.695
0.6875
0.6895
0.6945
0.69
0.6745
0.6845
0.6875
0.702
0.6955
0.6805
0.696
0.6895
0.6935
0.695
0.701
0.685
0.7
0.7035
0.7015
0.707
0.7005
0.6935
0.703
0.6975
0.7025
0.6955
0.7025
0.6985
0.7065
0.701
0.7005
0.6995
0.7015
0.701
0.7035
0.701
0.703
0.699
0.7025
0.705
0.7005
0.703
0.6935
0.6975
0.705
0.7005
0.704
0.699
0.703
0.689
0.691
0.7025
0.694
0.6995
0.7085
0.6995
0.6955
0.707
0.694
0.702
0.6985
0.706
0.7045
0.712
0.707
0.7135
0.7095
0.696
0.708
0.694
0.6955
0.7055
0.7065
0.7145
0.6995
0.7115
0.6975
0.7135
0.7105
0.7075
0.7055
0.7125
0.703
0.724
0.705
0.709
0.7145
0.7195
0.7065
0.7065
0.7135
0.7075
0.7185
0.698
0.7095
0.71
0.714
0.7235
0.693
0.713
0.7155
0.713
0.6895
0.707
0.7185
0.7045
0.701
0.715
0.7025
0.7035
0.714
0.713
0.718
0.7145
0.7165
0.7185
0.7195
0.6985
0.711
0.7085
0.7155
0.7085
0.706
0.7115
0.7
0.7025
0.712
0.7035
0.7025
0.7035
0.711
0.705
0.7195
0.7085
0.7035
0.701
0.7065
0.71
0.7045
0.7095
0.705
0.7085
0.7
0.711
0.709
0.7105
0.7195
0.7105
0.712
0.714
0.718
0.709
0.705
0.7065
0.7125
0.6975
0.7205
0.718
0.711
0.7095
0.72
0.709
0.7025
0.7155
0.7075
0.7255
0.702
0.714
0.723
0.7105
0.71
0.721
0.7265
0.726
0.715
0.718
0.717
0.723
0.724
0.723
0.7155
0.717
0.723
0.729
0.7165
0.71
0.724
0.728
0.728
0.7205
0.7255
0.7355
0.733
0.723
0.741
0.7345
0.7275
0.7325
0.7345
0.732
0.7465
0.7435
0.7315
0.732
0.737
0.7385
0.729
0.738
0.7255
0.7335
0.729
0.73
0.729
0.736
0.735
0.728
0.736
0.7365
0.7235
0.739
0.735
0.7405
0.7325
0.748
0.739
0.7385
0.7375
0.7385
0.7325
0.736
0.747
0.731
0.7405
0.7295
0.7295
0.7295
0.7405
0.7365
0.737
0.733
0.7365
0.733
0.7385
0.7375
0.7365
0.736
0.746
0.742
0.7435
0.7415
0.7425
0.737
0.7365
0.743
0.7245
0.738
0.7315
0.74
0.7335
0.7365
0.74
0.747
0.75
0.7375
0.7465
0.7395
0.7325
0.7395
0.7365
0.7465
0.731
0.7355
0.74
0.737
0.7355
0.7385
0.751
0.7495
0.741
0.742
0.7425
0.747
0.7345
0.735
0.746
0.7455
0.742
0.7505
0.741
0.7385
0.747
0.7325
0.7325
0.737
0.7415
0.734
0.7435
0.7335
0.7275
0.734
0.7325
0.7435
0.74
0.7355
0.743
0.741
0.729
0.7355
0.7295
0.738
0.739
0.741
0.739
0.73
0.7365
0.744
0.74
0.73
0.736
0.744
0.7485
0.731
0.745
0.7385
0.7435
0.7425
0.741
0.7435
0.741
0.742
0.7415
0.756
0.7425
0.758
0.752
0.758
0.742
0.754
0.759
0.7515
0.7455
0.7435
0.757
0.7465
0.7625
0.752
0.7455
0.751
0.7475
0.7445
0.7475
0.7555
0.7465
0.7515
0.75
0.756
0.7435
0.761
0.7455
0.7475
0.77
0.753
0.755
0.7495
0.7595
0.754
0.7505
0.7505
0.7545
0.7555
0.756
0.7495
0.759
0.7465
0.7585
0.757
0.756
0.7525
0.765
0.7605
0.763
0.7555
0.7605
0.752
